011111000001000111111000000101
101100100000000010000000010001
110111101000110000000001010000
111000000000000001000000000000
101000000000000000000000000000
101000010100000000000000000010
011000011010000100000010100000
000001100000010000000000000000
001000100110001000100000000000
000001001000001000010000000000
000000101001100000000000000000
100000000010000000000000000000
001000000010000000000000101000
001000010000000000000000000000
000000001100000000000101000000
100000100000000000001100000000
110000000000000000000000001000
100100000000000000000000000100
100000001000000000000000000010
100000000100000000000000000000
100000000000000100000010000000
000000000000001100000000000000
000000100000000000001000000000
001000000000001000000000000000
000000100000100000000000000000
011000000000000000000000000000
000000000000100010000000000000
100000000000000001000000000000
000001000000000000100000000000
110000000000000000000000000000
