14	0.000000e+00  0
7	0.000000e+00  1
11	4.333333e-01  2
4	1.666667e-01  3
2	2.000000e-01  4
5	3.333333e-02  5
8	3.333333e-02  6
3	3.333333e-02  7
6	3.333333e-02  8
4	0.000000e+00  9
4	0.000000e+00  10
2	3.333333e-02  11
4	0.000000e+00  12
2	0.000000e+00  13
4	3.333333e-02  14
4	0.000000e+00  15
3	0.000000e+00  16
3	0.000000e+00  17
3	0.000000e+00  18
2	0.000000e+00  19
3	0.000000e+00  20
2	0.000000e+00  21
2	0.000000e+00  22
2	0.000000e+00  23
2	0.000000e+00  24
2	0.000000e+00  25
2	0.000000e+00  26
2	0.000000e+00  27
2	0.000000e+00  28
2	0.000000e+00  29
